9780888506627
9781955345187
9781334101793
9780342889020
9798480031874
9781521853856
9781134817771
9780550105950
9781685743338
9788501038081
9783837635041
9798484645350
9781091010116
9789086226979
9781693174735
9780547488875
9780597316883
9781941002902
9781021946102
9798671133851
9798413478134
9789993828389
9798457126398
9781073360673
9781885360137
9781367863842
9780970147479
9780091881009
9781653638819
9782081606777
9781852339319
9781616381509
9789382614609
9781434329844
9788856833966
9780521314862
9781906897741
9782897580919
9788799341320
9781134578443
9780451502414
9783929633375
9798705509386
9783442248216
9789122013709
9780784410400
9780918339577
9780143112839
9781718019461
9780367531706
9781135848262
9780673760524
9781281845696
9780230114128
9781419126901
9781840189339
9788984339385
9783110047554
9781914477393
9780859362269
9781439841396
9782742734177
9783319925547
9780691102191
9781790586240
9788417292287
9780061330285
9780205790401
9781466846418
9780415834056
9781299451728
9780981173504
9798425834676
9781896095097
9798471287518
9781021694034
9780763750244
9781713561323
9788988095713
9780567283092
9780274530717
9780691130118
9783319625416
9780763693015
9781250144423
9798552773305
9798638399375
9780830828371
9789138902585
9780876021132
9781522032960
9781003175889
9789997862488
9788490112861
9781570720642
9780435247386
9788577910465
9780983864691
9781951058807
9780682499545
9781641825221
9787503623738
9780911463002
9781594040207
9798673191439
9781434418647
9788849102642
9781317254782
9780404519209
9781377286884
9786074901542
9780515043181
9781476848945
9780306407260
9780971591400
9780440220022
9781135042578
9798707233463
9780344228865
9798467029962
9781543925203
9781432561659
9780837318608
9781022147133
9782361066246
9781317796046
9781957367255
9781434483317
9781732458147
9798596441840
9798701446791
9798639146794
9780618922109
9781457651717
9783112341728
9783939500247
9781306126694
9781423410485
9781954628083
9788806222796
9781019298954
9789881714312
9780824524203
9789752752672
9781885461506
9781528977821
9780953777020
9788993985979
9781411444355
9781432852788
9789047517153
9784938987718
9780819303424
9781489902368
9781620654750
9781410490872
9789505349180
9789505341474
9781957092928
9781980565581
9781108069168
9781800991941
9783319143637
9781736713983
9798721007682
9780368739101
9780879803841
9789211170191
9783842892392
9784870255920
9789966177827
9798515877538
9780824914677
9781461587057
9780110761961
9789991679396
9781956884142
9798445795216
9798583424948
9780805474909
9781471037221
9789641670582
9781951474553
9781960377319
9798653905315
9780191560095
9780834123878
9798696211213
9780117730151
9780263158649
9783826059636
9780342676606
9788448952006
9781417947751
9798703570555
9781312032194
9780934674508
9780697068866
9781402005893
9780673167217
9788890574290
9780727822857
9798636897385
9782381960470
9781529303827
9781420897487
9780141803463
9781880024102
9782707302908
9781450756846
9781897748367
9780132126571
9798685978394
9781484482599
9781119408680
9780470557013
9783540554394
9780435211936
9781685627980
9780061652165
9781608806102
9781387477685
9780897293044
9798495199507
9780367625825
9783631784181
9780929760513
9798665211046
9780613138802
9781780645414
9781910237168
9788424659349
9798837709111
9780440218906
9780897090209
9780787968427
9781134421701
9781317115489
9781646117437
9781016792974
9787513011426
9781572783928
9781760556709
9780062836021
9781641084307
9781841122496
9781018559964
9781952157363
9780881456721
9781598001730
9798637848744
9780228814665
9781479730728
9781798921173
9781622292691
9781956641059
9789051839159
9798549492400
9781400855131
9780841619159
9781427161048
9798888771679
9780415701396
9780312167141
9786054223237
9780899172972
9781418121303
9780716510437
9781003104377
9798885149914
9798450856070
9798985626032
9780328695393
9780321230553
9780567087676
9781387719273
9781732569713
9780943832029
9781899034703
9780829806038
9789004219281
9780805371826
9781504020466
9780343543181
9781003043805
9781419682117
9781920434953
9788428837521
9783351025212
9781793089359
9780890875063
9781784884406
9781434628268
9781608196159
9798406695883
9798730896079
9783593368221
9781650293844
9780008329624
9783756011278
9789871877652
9780880851008
9785439620234
9780111186916
9782020344975
9788417836450
9780735363809
9781853758768
9782700018349
9781609962005
9783540340393
9788467029970
9780342841875
9781785480294
9789041424266
9780538100199
9780548026403
9784063367997
9781844427024
9781737726609
9798678666505
9788427046313
9781706451518
9780807833018
9780203491508
9781673255843
9781591606093
9780615843223
9798667596950
9780977187720
9781097336586
9780545832090
9781553193388
9782877110938
9787810986267
9798887354323
9781441117229
9781426461187
9780891128489
9781872582054
9781666756968
9780739492437
9783640536160
9781430321552
9781021813589
9781848689824
9798449222794
9789027261021
9781013431708
9781933299877
9798623303790
9783405146719
9783412503338
9781847343475
9798767425518
9787115361165
9780060740788
9781440503702
9788498412949
9788531515200
9780884010777
9787115371621
9780121757908
9780880013833
9781931252003
9798733437279
9781599263496
9781458450913
9781780373942
9781587886836
9781425797041
9781742231860
9781677008438
9780646482965
9787506393034
9789220000854
9781401805319
9798487857026
9789944165020
9788491714477
9798405474595
9780274030279
9781020398773
9781933586373
9789004181274
9788183684705
9798627901626
9781432678210
9780913235690
9781442942820
9781793362728
9781019387122
9781136421631
9781312649750
9780064467322
9789022994375
9781840241044
9781406234015
9780879386658
9780231029612
9783000364259
9798468777893
9780548263952
9781378488294
9780426204787
9780571313860
9781638327257
9782092566503
9786588958865
9781495780509
9781032384061
9789952290128
9780231934060
9788412209723
9788497566964
9780091830687
9784041040027
9798510231816
9798475268179
9781848846012
9781604977707
9781660629336
9781701237865
9781958305065
9780713613803
9780521678766
9780831400118
9780500973721
9781420048940
9782701115795
9781432607128
9784876451586
9780597578533
9788531605284
9786058898158
9783907044032
9780310822882
9788491394730
9781656834270
9781379094777
9798986320502
9780192880093
9780444404596
9781588180353
9780439950725
9781625851062
9780367370701
9781958796191
9781789978469
9781093168938
9798401623829
9798629714460
9781848124905
9781710906233
9781525580888
9781088687536
9780342473243
9781082578212
9781334852152
9789992285312
9780984744701
9798671726749
9798663148511
9781852784010
9781400099450
9780810137929
9780910582629
9781531603748
9780806345192
9782745330031
9780226252537
9787800374142
9798579251558
9798480529487
9783322846754
9783452266866
9788416187324
9781090779151
9781542638241
9780824836320
9798678407238
9781428873162
9780852382158
9781483032900
9780471236436
9780892590162
9781376559446
9781006543975
9788418844027
9780333419885
9798450206202
9780578414690
9780597348716
9780525695189
9780217646994
9781611636611
9781317525110
9781694222046
9781760525217
9784789016957
9798630105899
9780618932375
9781281145062
9780548367865
9781425050368
9798707836411
9781119162100
9780342754823
9780374218874
9781412159104
9780874064421
9781532631122
9798531504876
9781579657543
9780636041523
9780314703828
9788252169911
9798721896088
9781009118996
9780511764028
9780967846705
9783473314928
9798436649313
9781563247750
9780395215159
9781409275923
9798726298641
9787228023844
9798539034757
9798544994862
9781312477858
9798547146091
9787102028651
9789608718647
9780343699246
9788414263198
9789290360360
9798702614779
9780702807992
9780500270394
9780333775363
9781520521275
9781365673405
9788491390534
9798752948374
9781021576385
9781520243771
9781714229598
9780471779575
9780754103943
9781562124861
9781594530258
9781981016457
9789041413420
9783796538377
9782742789306
9781604508031
9781429018982
9798501806269
9788447524853
9788897933502
9787564911300
9781594340888
9781571813183
9780061340321
9780597803895
9781626255845
9780597103964
9798458846516
9780342135301
9780747582052
9780521446242
9780575076075
9798746502940
9780750996785
9781315801827
9780080301433
9798987584842
9780099478492
9781870812481
9798713298265
9798442962895
9781014091512
9780062866653
9780835963916
9783631542767
9781022034006
9781782374251
9780955719905
9780851865232
9798773047612
9780606309417
9798651878284
9798729601356
9798566036793
9780431035697
9783112511633
9781709452451
9780517075999
9781340300173
9781720158066
9781432702625
9782811205331
9781444778878
9798814512062
9780778315803
9781892941848
9789642692071
9783954896653
9781532943546
9780850317404
9783725411757
9780557560936
9788494843181
9780304299065
9788888910376
9780761930129
9781603803892
9798523920332
9782233006202
9788959139170
9783865960948
9798663276740
9798507075621
9781330603703
9781092954259
9798891520370
9788415340959
9781788632959
9780078044670
9780353089464
9798706115333
9780830726547
9781669395614
9780548306376
9780768014082
9780072824759
9780464529880
9780806217512
9780801057205
9798729091430
9780696225529
9781804250921
9781632553430
9798985804102
9780849390142
9781650605524
9787213043833
9788439379904
9781800190856
9798487818454
9781632766762
9788816411180
9786050946451
9781793935854
9798728386735
9798710841693
9781934501511
9789994767823
9781973100768
9781910649541
9780545000123
9781420028331
9781577682387
9798709569317
9789996036927
9788775777938
9781655192692
9783847237129
9781522454151
9781317237211
9781846288685
9781554691593
9780548475058
9781695957916
9798708309693
9780110739052
9789639683976
9782923841793
9781591143468
9798476111870
9781385994672
9798463195555
9780425250945
9788190567138
9780669211269
9788493904463
9788562409462
9781000143607
9781537536064
9784756249531
9782921810005
9780832205996
9781534495739
9798500997012
9780132054676
9783863414757
9783846081327
9789078848073
9798837641152
9780774128735
9786124114168
9780904011289
9785773102137
9782909634159
9780962600609
9783110778038
9783642823886
9781572183827
9789048516131
9780548297490
9781902825601
9783531923130
9781670481122
9798736117925
9780342005789
9781489962294
9782360350667
9781016548908
9780132444224
9785804105168
9783428519385
9780071387934
9780006728412
9780736920421
9798553978631
9781079579550
9789864784493
9798692657664
9780511186288
9780132520249
9780765700117
9789086866335
9781670161390
9781403389473
9781802620306
9781433148538
9798441246026
9780972277112
9788491730309
9781460323052
9780471256717
9786056249068
9783111214054
9781953591746
9798649338554
9781421601328
9782262016739
9798744373665
9783832723385
9788170413530
9798493254246
9789756709726
9781522411598
9781657591387
9780007215300
9798545619849
9781260159165
9781662936845
9781531654450
9781881987048
9781408941577
9798218275587
9780340813652
9781513379111
9781021569257
9782902416776
9781732769755
9781614237310
9781000022964
9781982997045
9781920942212
9788408240426
9781649798541
9781690138204
9780228895602
9780742625273
9781571688538
9781350359956
9798492499778
9784873802077
9780333730843
9780860208105
9781562294052
9780337757525
9781134715015
9786052986943
9783642673771
9781844884773
9798703224809
9780231074117
9781447205210
9780131533837
9798735995593
9780963328359
9781521082997
9780314172563
9785997700118
9780553144604
9788526303331
9789722023658
9781420846195
9780310804055
9788497346559
9781604244571
9781608623679
9789187850226
9780788187520
9780521186131
9781608706662
9780817313791
9782952513401
9781426852749
9781015287488
9781450333566
9788574635149
9782322127238
9781985236325
9789854370453
9798631955615
9781547593705
9783848765614
9780374174293
9789735777098
9782130606888
9798726545622
9781712734940
9780749712723
9781849706087
9780683306989
9782841465361
9780953331116
9781655562112
9781593113001
9781020775109
9788365958891
9781402086830
9788491883968
9780997248555
9798615182969
9781507123331
9781615318926
9780340666760
9783640842148
9781283361118
9798595871419
9780497328429
9780974070513
9780342672530
9783409183055
9781724099655
9781605423340
9781496604835
9781956325027
9781482430271
9780309690461
9798452952923
9781910558799
9783789113468
9781493670499
9798700334228
9798484626069
9780199794331
9780893890971
9781593882914
9784861821165
9781376441208
9781471763540
9780071598613
9783838605449
9781848312388
9780722261729
9789400773615
9780831737740
9781520785066
9788195699513
9781034605676
9781705187395
9780975765838
9786070012347
9781614732969
9780738409344
9781645644330
9781472830517
9781948046718
9789777670050
9781277010206
9781508621010
9783642017186
9788420670034
9789089648709
9798781175642
9781672015974
9781413739831
9781401227982
9781385431658
9781016617352
9787533324773
9780864174307
9780471770879
9780978059408
9781676837589
9780141975597
9787564007300
9781984270528
9780648397359
9780201271140
9789888284818
9789381645529
9781787463615
9798579834294
9780342801350
9780008500689
9780367388218
9782870377222
9798749521429
9781014224408
9780972147439
9798685331335
9781439804445
9780340708651
9788323218906
9789774273568
9780701206741
9788180562556
9781879410718
9781093324440
9788466231619
9780890410509
9781118005651
9781105924316
9798550686324
9788424672782
9781623563547
9798589783865
9781785381966
9788448034122
9788412061154
9788981631529
9780970830234
9798739269669
9781787759794
9798527822571
9781015452527
9781493972456
9780747274513
9780717239993
9798686245037
9781597896740
9781912256587
9789004243415
9781702574259
9798639678578
9789681637927
9780585263779
9780300076950
9781980640158
9780597020087
9781951201401
9781715550325
9784481753433
9780932914330
9782070407057
9787535451026
9781955880428
9781942513506
9780110341767
9780130855190
9781795927109
9781351790086
9788185999821
9780323160353
9781138731141
9781790270163
9798612122500
9781502634993
9781479533633
9781098378998
9780471221906
9789862252666
9780414011168
9780141972961
9780691102016
9788392808435
9781022095786
9780367224424
9781020030918
9781021994929
9781497432246
9798673128527